BioWare Version 5.4.9.0 Export
Device:	ISO Leg Press (NEW) 9281CA (SN<616902)	ISO Leg Press (NEW) 9281CA (SN<616902)	ISO Leg Press (NEW) 9281CA (SN<616902)
Samples (#):	1500	1500	1500
Rate (Hz):	100.000000	100.000000	100.000000
Contact period start (sample #):	0	0	0
Contact period end (sample #):	944	944	944
Contact period start time (s):	0.000000	0.000000	0.000000
Contact period end time (s):	9.440000	9.440000	9.440000
First sample time (s):	0.000000	0.000000	0.000000
Normalized force (N):	800.000000	800.000000	800.000000
Normalized length (m):	1.000000	1.000000	1.000000
File Information
Date	Oct 13, 2024  11:36:34
Name	
ID	
Classification	
Description	
abs time (s)	Fx	Fy	Fz
	N	N	N
0.000000	55.216421	0.811812	145.230513
0.010000	54.975492	0.651255	145.388798
0.020000	55.014967	0.651573	145.705700
0.030000	55.136282	0.610559	146.968384
0.040000	55.378059	0.891932	145.546103
0.050000	55.699806	0.931992	147.282825
0.060000	55.981398	1.052171	147.283648
0.070000	56.183020	0.932310	147.283812
0.080000	55.821119	1.131973	146.019157
0.090000	55.780964	0.890024	146.651157
0.100000	55.177624	1.292530	147.125196
0.110000	54.855877	1.453088	148.704615
0.120000	54.735073	1.694401	148.864212
0.130000	54.654594	1.854004	151.077105
0.140000	54.494656	1.894064	153.129911
0.150000	53.850313	2.214542	156.448841
0.160000	53.287975	2.495915	159.765806
0.170000	52.724623	3.219218	163.715910
0.180000	52.564514	3.660512	166.243572
0.190000	52.122131	4.382544	172.721344
0.200000	51.841728	4.824473	178.409643
0.210000	51.359531	5.466067	182.833630
0.220000	50.475279	5.907679	188.365284
0.230000	49.671846	6.469153	193.736198
0.240000	47.903002	6.947327	198.793665
0.250000	46.054186	8.229559	205.273235
0.260000	44.687399	8.948092	210.804399
0.270000	43.361443	9.303542	214.911814
0.280000	42.600033	9.176048	221.863297
0.290000	41.677664	8.927739	228.182617
0.300000	40.875418	8.516646	236.715487
0.310000	40.516912	7.985373	242.561098
0.320000	39.955935	7.496069	247.143045
0.330000	39.032376	7.528814	252.674368
0.340000	37.908045	7.562832	257.888151
0.350000	37.105289	8.480074	265.158171
0.360000	36.020432	8.877174	268.949831
0.370000	35.860832	9.274592	274.481489
0.380000	35.780694	10.074835	279.376888
0.390000	35.339160	10.394677	284.907240
0.400000	35.459795	11.440049	289.804281
0.410000	35.057909	12.645660	295.966291
0.420000	34.977939	13.368009	300.704712
0.430000	34.817829	13.769561	305.918167
0.440000	34.979128	14.251551	311.606480
0.450000	34.255154	14.130417	316.662130
0.460000	33.853268	14.330082	322.349119
0.470000	33.089647	14.209584	328.194084
0.480000	32.164732	14.570438	336.569805
0.490000	30.877574	15.253364	342.256163
0.500000	29.549751	15.815792	351.578325
0.510000	28.504200	16.217981	360.899836
0.520000	27.016099	16.460566	370.853510
0.530000	26.010535	16.540684	382.860485
0.540000	24.724056	16.782634	393.447630
0.550000	22.873544	17.105021	405.454933
0.560000	21.384933	17.186730	417.145828
0.570000	19.575594	17.671584	430.891659
0.580000	17.886040	18.757968	445.585884
0.590000	16.519592	19.322305	461.227222
0.600000	15.072833	20.008092	477.974915
0.610000	13.585919	20.371811	496.460464
0.620000	11.213737	21.379984	516.684906
0.630000	9.606191	22.025076	537.225395
0.640000	7.353792	23.477407	554.446636
0.650000	5.503281	25.129399	571.985424
0.660000	4.056182	26.217057	587.154690
0.670000	3.293242	26.783938	604.535019
0.680000	2.409499	27.791158	620.651871
0.690000	0.439881	28.637184	639.297718
0.700000	-2.093091	29.724843	659.839676
0.710000	-4.585400	30.732381	682.119038
0.720000	-7.722051	32.384057	704.559284
0.730000	-11.543371	33.912691	730.475609
0.740000	-15.886362	35.644168	758.129158
0.750000	-18.136892	36.888247	785.941650
0.760000	-17.812938	37.370556	808.852509
0.770000	-18.615523	37.089819	830.814636
0.780000	-19.700550	36.689857	849.462387
0.790000	-20.666471	36.491785	862.574753
0.800000	-24.169268	36.091504	869.530647
0.810000	-26.222082	35.615557	872.692284
0.820000	-28.113598	35.298258	877.910973
0.830000	-30.729086	35.100184	884.551468
0.840000	-33.827111	35.459452	895.147461
0.850000	-37.125231	36.138877	902.107147
0.860000	-38.816143	37.021786	911.279030
0.870000	-39.218032	37.785783	919.026382
0.880000	-39.539777	38.828611	920.297737
0.890000	-40.384892	39.511538	915.719269
0.900000	-41.349964	39.592611	909.086792
0.910000	-42.640180	39.194555	907.195541
0.920000	-45.778359	40.077780	904.197784
0.930000	-47.750182	41.403254	901.988480
0.940000	-45.981338	41.405478	902.622475
0.950000	-42.762510	41.086590	901.675201
0.960000	-40.671241	41.368601	897.565323
0.970000	-41.233914	40.641481	895.985252
0.980000	-45.579624	39.874302	893.777618
0.990000	-49.562239	39.150681	892.357124
1.000000	-48.878930	39.592611	895.519096
1.010000	-47.110085	38.508768	901.840363
1.020000	-46.911518	37.750494	907.216034
1.030000	-47.274948	37.150232	916.068115
1.040000	-48.764237	35.667383	925.395317
1.050000	-50.978858	35.107500	930.297440
1.060000	-52.871564	35.671518	933.300293
1.070000	-52.992537	36.079748	938.358749
1.080000	-51.907173	36.729609	942.782745
1.090000	-51.868205	38.381285	949.106003
1.100000	-52.108795	39.907375	953.058907
1.110000	-53.356138	40.509226	958.592186
1.120000	-55.327794	40.229445	965.233162
1.130000	-58.626761	39.545565	974.718506
1.140000	-60.438138	39.301390	979.937378
1.150000	-60.275483	39.379601	985.313049
1.160000	-59.953905	38.656616	988.637375
1.170000	-60.275992	38.416256	992.275482
1.180000	-62.247987	38.575541	993.860641
1.190000	-65.267061	37.927271	997.345718
1.200000	-68.486227	36.837706	997.987061
1.210000	-71.383482	34.505329	1001.315979
1.220000	-73.597084	33.017391	1006.227112
1.230000	-75.125509	31.453152	1013.669495
1.240000	-76.534489	29.611990	1019.847260
1.250000	-79.391926	28.012459	1029.980179
1.260000	-85.792316	26.010102	1035.062698
1.270000	-93.439198	23.239296	1037.932159
1.280000	-98.109196	20.021153	1037.801407
1.290000	-102.174667	17.204244	1031.191757
1.300000	-104.992802	15.071215	1022.525970
1.310000	-107.891750	14.867735	1010.696289
1.320000	-111.676136	16.237084	998.389954
1.330000	-116.023548	17.527267	989.399094
1.340000	-119.444508	19.060035	983.245560
1.350000	-118.480450	20.075524	977.563980
1.360000	-116.712120	21.411490	974.250122
1.370000	-114.218281	22.220955	971.883530
1.380000	-112.208336	22.626642	966.830505
1.390000	-114.220490	23.027240	959.723511
1.400000	-116.996933	21.936085	951.510162
1.410000	-117.720566	20.724749	940.608246
1.420000	-116.712795	19.354447	929.544769
1.430000	-114.458866	17.822314	917.055893
1.440000	-111.964695	17.298674	903.934021
1.450000	-110.073177	17.698637	893.179260
1.460000	-109.147751	18.460410	889.218506
1.470000	-106.249310	17.574005	886.675598
1.480000	-101.419029	16.932412	885.239075
1.490000	-95.342766	16.491436	882.380249
1.500000	-90.713261	16.533086	878.101608
1.510000	-87.775688	17.057998	873.036804
1.520000	-88.660446	18.544982	865.129517
1.530000	-89.706844	19.266376	861.331482
1.540000	-90.470295	19.506418	858.007309
1.550000	-88.779892	19.383694	854.361481
1.560000	-83.587372	18.296036	851.663086
1.570000	-77.429440	17.691005	849.592102
1.580000	-71.231352	18.975463	848.781189
1.590000	-64.708630	19.656163	848.285538
1.600000	-60.119448	19.501965	844.790787
1.610000	-56.375550	19.392917	843.512695
1.620000	-52.107435	18.160920	837.812622
1.630000	-49.651037	17.651273	829.430161
1.640000	-47.153636	17.822325	821.048859
1.650000	-44.617099	18.434354	808.873611
1.660000	-41.759322	18.723676	800.334167
1.670000	-38.619274	18.689978	792.424454
1.680000	-34.351839	17.849993	784.514244
1.690000	-30.406490	17.047206	779.603294
1.700000	-27.426722	16.404340	777.223450
1.710000	-24.448992	15.521434	774.529488
1.720000	-22.075789	15.001292	769.782219
1.730000	-19.500114	15.005426	765.193878
1.740000	-17.890192	14.849323	761.398613
1.750000	-17.729403	13.885659	757.129967
1.760000	-18.372218	13.282537	751.438866
1.770000	-18.814259	12.520126	749.224663
1.780000	-18.934384	12.358933	749.854530
1.790000	-17.565728	12.961422	752.379425
1.800000	-15.472249	13.724785	756.008324
1.810000	-13.298802	14.286894	760.113464
1.820000	-11.405928	14.846779	762.797791
1.830000	-11.768338	14.565406	761.376320
1.840000	-13.016022	14.888745	758.691177
1.850000	-13.619531	15.892785	754.583298
1.860000	-13.941108	17.020822	753.478401
1.870000	-15.188788	18.066512	753.636024
1.880000	-16.274495	19.230153	755.533661
1.890000	-15.871928	19.026039	756.798637
1.900000	-14.986488	18.501762	757.272026
1.910000	-13.336919	17.656053	756.640511
1.920000	-12.171075	16.813844	752.374969
1.930000	-12.212077	17.334303	747.793503
1.940000	-13.942804	18.418782	747.322105
1.950000	-16.558804	19.099480	742.900078
1.960000	-17.081154	19.701332	743.057381
1.970000	-16.478325	19.176737	744.797211
1.980000	-15.229794	18.731945	745.428886
1.990000	-13.901971	17.925343	746.849213
2.000000	-13.178678	18.326577	748.744064
2.010000	-14.787582	19.650460	752.536385
2.020000	-15.270627	20.571198	758.539772
2.030000	-16.316178	20.889132	767.862427
2.040000	-18.005563	21.606394	778.923798
2.050000	-18.566879	22.284867	793.935394
2.060000	-19.128534	24.291357	817.321297
2.070000	-20.413486	27.581351	845.920601
2.080000	-21.619485	30.473292	883.054802
2.090000	-24.517076	34.688796	924.459541
2.100000	-27.174078	37.940638	969.812958
2.110000	-31.158053	40.502877	1017.858711
2.120000	-36.189788	42.739231	1064.962753
2.130000	-42.388213	44.334627	1105.434052
2.140000	-47.260516	45.810799	1135.949493
2.150000	-53.299004	46.964266	1160.937256
2.160000	-60.062484	47.313356	1181.502319
2.170000	-64.692841	47.904076	1194.166992
2.180000	-73.710075	49.177086	1206.201660
2.190000	-80.634007	49.086790	1215.545944
2.200000	-85.585770	48.152378	1221.101501
2.210000	-91.906866	47.662436	1227.125549
2.220000	-98.749123	47.858285	1234.571899
2.230000	-104.666981	47.891347	1242.809464
2.240000	-109.660767	49.615191	1251.201294
2.250000	-114.691986	51.657289	1264.492401
2.260000	-117.873203	52.819024	1275.411011
2.270000	-122.061184	53.938790	1288.225327
2.280000	-126.770489	54.295831	1300.407776
2.290000	-130.635017	54.087582	1308.957336
2.300000	-133.855042	54.403925	1313.868927
2.310000	-136.471203	55.242318	1319.885620
2.320000	-138.684978	56.600219	1319.264282
2.330000	-140.616814	57.359131	1323.379883
2.340000	-142.587795	57.315255	1330.021515
2.350000	-142.990192	58.674427	1334.449249
2.360000	-143.189777	60.357257	1341.880157
2.370000	-142.788742	62.764027	1353.098022
2.380000	-141.662880	66.135095	1362.739868
2.390000	-140.698318	67.906951	1365.902161
2.400000	-138.526058	68.713552	1368.744751
2.410000	-134.942612	68.835006	1375.064728
2.420000	-130.755146	68.237289	1371.109192
2.430000	-124.596535	66.921353	1370.628601
2.440000	-117.915230	66.087729	1379.155121
2.450000	-113.447529	66.896562	1386.421509
2.460000	-112.683743	67.101949	1394.642731
2.470000	-114.132542	65.457270	1400.652039
2.480000	-116.868660	64.291717	1407.297119
2.490000	-119.685436	63.004079	1416.787903
2.500000	-121.093056	62.077295	1423.906830
2.510000	-122.865124	61.996860	1431.343658
2.520000	-123.792587	63.523902	1439.885712
2.530000	-127.900253	64.607425	1449.694366
2.540000	-133.736778	65.442959	1454.451782
2.550000	-132.488926	65.118026	1462.361481
2.560000	-133.051941	64.390908	1468.531860
2.570000	-134.338249	64.513313	1474.861816
2.580000	-136.876827	66.484197	1476.295410
2.590000	-140.702221	70.944192	1478.518646
2.600000	-145.653130	73.186272	1477.580231
2.610000	-148.792336	73.905442	1484.068146
2.620000	-152.008621	74.176954	1491.662750
2.630000	-152.007256	72.964983	1497.672394
2.640000	-150.800072	72.842258	1495.623535
2.650000	-150.518646	72.682658	1488.833588
2.660000	-151.729576	73.892083	1485.048492
2.670000	-153.661415	75.299583	1479.367584
2.680000	-157.283485	75.418810	1473.531128
2.690000	-162.515320	74.894854	1470.063080
2.700000	-167.343735	74.170594	1468.015350
2.710000	-172.051674	74.407137	1466.282532
2.720000	-175.353020	75.247757	1466.761169
2.730000	-176.039726	77.214823	1467.391876
2.740000	-174.914886	77.131841	1466.443970
2.750000	-175.316772	75.759633	1460.752533
2.760000	-175.758476	72.900434	1458.064789
2.770000	-177.609489	71.453510	1454.591339
2.780000	-181.190567	71.413772	1446.379669
2.790000	-183.324875	72.339280	1442.748566
2.800000	-186.547104	74.305391	1440.069000
2.810000	-190.854355	74.663699	1432.492889
2.820000	-197.049721	74.219543	1426.496826
2.830000	-202.966393	73.342047	1417.180267
2.840000	-210.047203	72.413356	1409.763245
2.850000	-213.466125	72.086835	1391.118393
2.860000	-215.722595	75.668060	1379.582062
2.870000	-214.798019	80.174478	1368.991623
2.880000	-211.941093	82.215936	1355.710464
2.890000	-208.640259	81.564166	1339.903015
2.900000	-205.013092	80.358239	1321.248337
2.910000	-202.758316	77.820158	1303.862274
2.920000	-204.690826	74.762251	1288.058395
2.930000	-207.505913	74.044040	1277.150894
2.940000	-208.395088	74.252925	1260.396973
2.950000	-209.927414	73.369065	1243.167542
2.960000	-213.507469	73.732150	1238.424377
2.970000	-214.475426	73.381470	1238.896790
2.980000	-214.394775	69.683884	1243.475601
2.990000	-215.562828	69.406008	1248.054077
3.000000	-214.035255	69.126225	1249.471481
3.010000	-210.250519	66.789714	1247.886337
3.020000	-205.022430	66.276890	1242.981064
3.030000	-203.371498	64.659866	1231.760315
3.040000	-204.698982	65.063328	1218.803604
3.050000	-209.727318	63.488909	1206.479889
3.060000	-213.228928	63.090854	1196.527878
3.070000	-213.953247	64.093940	1187.682526
3.080000	-213.832268	63.813842	1182.627838
3.090000	-212.463776	65.706828	1185.947113
3.100000	-211.135452	65.424819	1193.374741
3.110000	-212.706238	65.146946	1201.906326
3.120000	-213.793304	66.439989	1210.914703
3.130000	-213.551018	66.111877	1212.812012
3.140000	-215.161621	66.117286	1210.445404
3.150000	-216.851677	65.515116	1210.608627
3.160000	-218.381805	63.783002	1207.927231
3.170000	-220.112869	63.468250	1205.248016
3.180000	-221.963387	61.496411	1198.141357
3.190000	-219.631012	59.936625	1187.713455
3.200000	-215.367317	57.700270	1165.748093
3.210000	-213.880066	54.571788	1142.517181
3.220000	-208.448647	55.345963	1113.114151
3.230000	-201.487625	54.628383	1079.280273
3.240000	-196.819656	56.322662	1050.501526
3.250000	-194.206383	58.404186	1021.716995
3.260000	-185.801315	63.302934	1007.622009
3.270000	-176.061966	64.335900	1019.293106
3.280000	-173.726372	62.929991	1034.297516
3.290000	-176.905052	61.438237	1055.945984
3.300000	-174.688560	61.038591	1082.648346
3.310000	-170.904335	60.956245	1107.452271
3.320000	-166.960518	59.667336	1130.835220
3.330000	-163.700172	59.954750	1145.210739
3.340000	-165.509857	59.908331	1154.532379
3.350000	-166.633163	59.335406	1161.486206
3.360000	-169.928062	57.675146	1168.287094
3.370000	-175.155128	55.290626	1182.678802
3.380000	-179.098442	54.044321	1199.440109
3.390000	-183.526840	55.487747	1211.937683
3.400000	-190.167648	59.585932	1223.800476
3.410000	-196.084137	62.194275	1241.352066
3.420000	-200.108788	62.157395	1256.216354
3.430000	-204.092415	60.912997	1269.971497
3.440000	-209.241219	60.541645	1282.150696
3.450000	-211.695580	62.704556	1293.219940
3.460000	-213.226555	65.672482	1304.287170
3.470000	-215.403564	69.974460	1310.615997
3.480000	-217.858269	71.332684	1321.684723
3.490000	-219.064438	73.940703	1333.539917
3.500000	-219.626770	73.852952	1342.079681
3.510000	-222.600258	71.199147	1345.093689
3.520000	-226.705040	69.956016	1348.896454
3.530000	-228.275993	69.878758	1350.958282
3.540000	-229.241066	70.763896	1353.969482
3.550000	-232.382813	71.368293	1358.563202
3.560000	-235.602142	70.964830	1362.205261
3.570000	-236.447609	69.719473	1368.691620
3.580000	-236.448456	67.103187	1374.073639
3.590000	-237.172935	66.020297	1375.979431
3.600000	-238.623428	66.294675	1381.676453
3.610000	-238.786430	67.503145	1383.736603
3.620000	-238.507545	67.668477	1380.582169
3.630000	-240.079529	67.593122	1372.054733
3.640000	-243.339355	67.229722	1360.681061
3.650000	-244.547905	66.630102	1350.093277
3.660000	-242.860222	67.395370	1337.604050
3.670000	-240.123589	68.797462	1333.167313
3.680000	-233.886528	69.874313	1337.736633
3.690000	-224.793060	71.961873	1347.361908
3.700000	-215.618942	73.569991	1359.991058
3.710000	-208.818192	73.448858	1371.043121
3.720000	-204.997040	75.182239	1385.105011
3.730000	-206.164589	77.190322	1397.908142
3.740000	-209.464577	78.477005	1398.391205
3.750000	-213.851112	78.713864	1394.290985
3.760000	-218.114136	76.984620	1398.724792
3.770000	-217.992996	74.611225	1405.051331
3.780000	-214.290108	72.484242	1404.579742
3.790000	-213.364845	71.639166	1403.631500
3.800000	-212.079216	73.088639	1408.846771
3.810000	-211.961807	73.934347	1418.173492
3.820000	-214.658791	75.347572	1422.129181
3.830000	-217.234467	75.024865	1422.451965
3.840000	-218.884377	74.905958	1422.773132
3.850000	-221.177437	73.576031	1420.726563
3.860000	-223.312599	73.177022	1414.408890
3.870000	-224.962334	73.252053	1409.512512
3.880000	-226.250175	74.497087	1411.567749
3.890000	-224.280388	74.135281	1417.407791
3.900000	-218.567039	74.339397	1420.562561
3.910000	-214.742836	73.737543	1424.504974
3.920000	-212.690536	74.182338	1430.817383
3.930000	-210.839684	74.989895	1436.817383
3.940000	-211.764771	76.763655	1440.135681
3.950000	-215.186234	77.769603	1440.928558
3.960000	-217.238716	77.489185	1437.454773
3.970000	-218.042824	75.963093	1433.825653
3.980000	-220.136810	75.676950	1426.878418
3.990000	-221.584595	74.148640	1421.669083
4.000000	-223.195366	74.909771	1420.407883
4.010000	-222.632347	75.108163	1420.251053
4.020000	-221.223198	75.268403	1415.510483
4.030000	-221.786552	75.870257	1416.143967
4.040000	-223.154701	75.832106	1418.991669
4.050000	-222.230629	75.632443	1420.413956
4.060000	-221.303505	75.189558	1416.936737
4.070000	-223.798027	75.667097	1414.885040
4.080000	-223.396477	76.270538	1417.414032
4.090000	-223.194344	76.465108	1415.202118
4.100000	-223.757530	75.899187	1411.567902
4.110000	-224.842049	75.133279	1411.572388
4.120000	-224.236336	74.365144	1413.469025
4.130000	-224.034370	73.640569	1411.574982
4.140000	-223.711433	73.160804	1407.784790
4.150000	-224.234123	72.880070	1406.999084
4.160000	-227.050720	72.478194	1405.424393
4.170000	-228.782135	71.877303	1400.687805
4.180000	-230.231438	72.117660	1395.794373
4.190000	-230.713631	71.228392	1392.323196
4.200000	-230.792244	70.901871	1388.533371
4.210000	-231.072304	72.021318	1385.533768
4.220000	-233.083435	70.893605	1381.112579
4.230000	-234.368904	70.970863	1376.057404
4.240000	-232.596832	72.015278	1370.209991
4.250000	-230.907784	70.809667	1364.202682
4.260000	-227.689293	71.251281	1363.883316
4.270000	-222.779724	72.653689	1365.773209
4.280000	-220.850426	74.342247	1368.929779
4.290000	-220.206253	76.346193	1373.352112
4.300000	-220.568672	77.470732	1372.722595
4.310000	-222.096924	78.352997	1370.195755
4.320000	-221.087959	78.670935	1367.983658
4.330000	-221.569313	78.347597	1364.508438
4.340000	-221.850563	77.022439	1362.294235
4.350000	-221.287712	75.058871	1362.133499
4.360000	-218.993805	73.458071	1371.135635
4.370000	-215.574539	72.740808	1381.085571
4.380000	-211.107697	71.463024	1385.660110
4.390000	-207.929192	73.280027	1389.921570
4.400000	-206.800270	72.964955	1397.659866
4.410000	-205.873146	74.099356	1399.711227
4.420000	-206.676750	74.348303	1393.863144
4.430000	-209.613480	73.585569	1391.654343
4.440000	-212.065125	70.932404	1393.552475
4.450000	-211.903488	70.008798	1395.606125
4.460000	-212.547150	69.365934	1395.605789
4.470000	-213.713333	68.843565	1399.083466
4.480000	-214.077614	69.930908	1403.348511
4.490000	-215.125877	71.664605	1405.876541
4.500000	-217.218338	73.437733	1402.715897
4.510000	-219.754539	74.804855	1395.763580
4.520000	-221.324135	75.487149	1388.651489
4.530000	-221.647072	73.880941	1376.954208
4.540000	-222.653313	71.549196	1361.621460
4.550000	-225.629860	69.819313	1349.294098
4.560000	-228.167419	69.178999	1336.650238
4.570000	-232.314560	70.622416	1322.428268
4.580000	-237.142799	70.702540	1311.051636
4.590000	-240.890259	71.833120	1299.514755
4.600000	-243.022705	70.230410	1288.453552
4.610000	-245.760361	69.833943	1275.966019
4.620000	-248.093575	68.914794	1267.111954
4.630000	-246.404358	66.865066	1261.099396
4.640000	-241.336380	66.629158	1256.825684
4.650000	-237.676353	67.598862	1245.913269
4.660000	-238.883545	66.511523	1239.432220
4.670000	-243.070160	65.386032	1239.437790
4.680000	-246.165810	64.575296	1241.655914
4.690000	-251.194489	64.688795	1244.032318
4.700000	-253.647659	64.406151	1247.673737
4.710000	-253.366066	66.375127	1250.837494
4.720000	-252.038582	67.902486	1250.994141
4.730000	-250.308540	68.829905	1249.729691
4.740000	-250.589622	69.110959	1251.309387
4.750000	-251.796638	68.029344	1255.420105
4.760000	-253.042107	66.537274	1259.846710
4.770000	-252.638527	66.892404	1262.062073
4.780000	-251.992149	67.122587	1262.695374
4.790000	-253.238472	67.559108	1267.753464
4.800000	-253.720497	65.708407	1271.548065
4.810000	-255.329063	62.693743	1272.341171
4.820000	-256.131477	60.805526	1273.134048
4.830000	-257.537750	59.762698	1275.192581
4.840000	-256.289566	59.845364	1281.041336
4.850000	-254.360588	60.774371	1285.623413
4.860000	-254.482246	61.941511	1288.627426
4.870000	-255.687584	63.903492	1294.634415
4.880000	-256.532524	64.098701	1302.854156
4.890000	-256.491348	63.085118	1306.330215
4.900000	-257.617210	62.234325	1311.072281
4.910000	-259.107002	63.836396	1316.132004
4.920000	-260.073776	64.639499	1322.455597
4.930000	-261.525963	65.487750	1324.512482
4.940000	-262.211319	66.375747	1326.255432
4.950000	-263.176895	67.059944	1329.102264
4.960000	-264.302750	67.102232	1330.370026
4.970000	-265.511139	67.628731	1328.791946
4.980000	-266.436722	68.754542	1331.637344
4.990000	-265.914886	69.116032	1331.164108
5.000000	-267.324890	68.151417	1333.851517
5.010000	-267.525833	67.667199	1333.853653
5.020000	-268.209656	65.898208	1332.434326
5.030000	-270.584534	63.929555	1331.966995
5.040000	-272.556534	62.403463	1332.761368
5.050000	-272.074341	63.167145	1331.500168
5.060000	-271.834274	63.170011	1326.445663
5.070000	-272.438797	65.779941	1327.868790
5.080000	-271.513870	65.254073	1333.403198
5.090000	-271.314789	64.450969	1333.878082
5.100000	-272.401352	64.570508	1335.145035
5.110000	-273.447922	64.248441	1337.833725
5.120000	-271.154678	64.048146	1337.359390
5.130000	-270.027130	63.568381	1334.512344
5.140000	-270.711639	64.414089	1333.722244
5.150000	-271.597748	63.653906	1332.615402
5.160000	-274.697464	64.020808	1331.352692
5.170000	-275.141205	64.667169	1327.718506
5.180000	-274.258316	63.945776	1324.082687
5.190000	-274.057373	64.147982	1326.298019
5.200000	-274.258484	65.149797	1325.980453
5.210000	-275.385529	64.104106	1325.665695
5.220000	-277.395981	63.654861	1325.982285
5.230000	-276.952927	64.012853	1328.352127
5.240000	-273.813553	64.172146	1324.398254
5.250000	-273.651062	63.890132	1322.343002
5.260000	-274.816742	64.287231	1325.029800
5.270000	-274.817596	64.089479	1333.720749
5.280000	-274.456207	64.170235	1339.568329
5.290000	-276.184723	65.170775	1343.678207
5.300000	-275.823669	65.854972	1347.788223
5.310000	-273.849625	65.534492	1346.840164
5.320000	-272.803238	64.050057	1337.832443
5.330000	-276.465454	63.605577	1335.941360
5.340000	-277.871735	62.153253	1341.158554
5.350000	-276.905472	60.625891	1345.426712
5.360000	-276.543396	60.745753	1348.273254
5.370000	-276.624222	62.389149	1352.383789
5.380000	-275.376022	62.785300	1360.126846
5.390000	-273.605316	63.705724	1360.126022
5.400000	-276.380569	64.388010	1358.230209
5.410000	-278.833405	64.791149	1358.077179
5.420000	-278.953857	66.117894	1359.655899
5.430000	-279.477753	67.164860	1356.020416
5.440000	-278.714127	67.291402	1357.916748
5.450000	-278.311890	68.734187	1362.499176
5.460000	-277.546753	68.572676	1372.139389
5.470000	-276.942230	67.725697	1376.722824
5.480000	-277.304626	67.003348	1373.880371
5.490000	-278.150101	67.565140	1371.036621
5.500000	-279.197006	70.013243	1369.933212
5.510000	-278.876282	71.175610	1366.616257
5.520000	-280.002823	71.573349	1361.244034
5.530000	-280.725601	70.925716	1357.454666
5.540000	-278.954208	69.597376	1355.399704
5.550000	-277.827499	70.638618	1352.395905
5.560000	-275.898209	71.520883	1353.182404
5.570000	-273.122772	72.970987	1354.283218
5.580000	-271.395447	74.221753	1351.592514
5.590000	-271.315811	75.792668	1349.696030
5.600000	-269.906158	77.238003	1350.327682
5.610000	-267.771164	76.388797	1347.481003
5.620000	-267.407394	74.580700	1345.902222
5.630000	-269.015793	73.894593	1342.742065
5.640000	-269.053741	74.650639	1340.054962
5.650000	-267.442642	73.805571	1339.421509
5.660000	-266.516861	72.884831	1338.632202
5.670000	-266.234589	72.127506	1332.154633
5.680000	-266.876724	71.287838	1326.941803
5.690000	-269.369888	71.690668	1325.364365
5.700000	-268.123901	71.535197	1328.210403
5.710000	-265.911835	70.692986	1323.311386
5.720000	-265.308319	69.166579	1314.933228
5.730000	-264.622299	67.153095	1309.401184
5.740000	-264.499802	64.659206	1305.605637
5.750000	-265.947739	62.729652	1302.287521
5.760000	-264.779526	62.089654	1294.544128
5.770000	-265.263077	62.974469	1291.858322
5.780000	-265.265274	64.828352	1293.282913
5.790000	-262.009857	66.284182	1291.069534
5.800000	-260.321838	66.612929	1283.799683
5.810000	-260.883331	66.291177	1273.051590
5.820000	-259.837601	65.288411	1265.464508
5.830000	-258.187180	63.039971	1257.558884
5.840000	-258.067902	61.633110	1250.446198
5.850000	-258.390839	61.271613	1245.701385
5.860000	-259.033669	62.070903	1247.913620
5.870000	-257.945755	61.265257	1251.859436
5.880000	-255.168953	59.899721	1255.017792
5.890000	-254.242516	59.541093	1258.334259
5.900000	-253.317085	60.588055	1263.864960
5.910000	-252.917397	64.047823	1269.711868
5.920000	-253.563271	67.425571	1274.454208
5.930000	-254.611542	70.159176	1280.145004
5.940000	-253.886551	70.118483	1278.088913
5.950000	-251.712929	68.667107	1273.189743
5.960000	-248.653702	65.448327	1264.178253
5.970000	-248.371086	64.162916	1259.594986
5.980000	-250.868156	64.084703	1257.542191
5.990000	-253.163078	64.970473	1254.540176
6.000000	-253.768288	65.453736	1254.381363
6.010000	-253.327103	67.061215	1258.175186
6.020000	-250.309723	67.465309	1262.597687
6.030000	-246.526352	67.104775	1264.333267
6.040000	-244.875427	67.628100	1264.491379
6.050000	-244.714462	67.830936	1262.908340
6.060000	-244.672791	68.070661	1262.750092
6.070000	-243.828514	68.031554	1262.113617
6.080000	-240.811142	67.349268	1260.054932
6.090000	-238.557388	67.266925	1260.681686
6.100000	-236.222809	68.347898	1262.892136
6.110000	-234.814507	68.228675	1262.417770
6.120000	-233.607147	68.188613	1258.152222
6.130000	-236.100983	69.231441	1260.366119
6.140000	-237.469475	69.474032	1266.216446
6.150000	-237.067924	69.275640	1269.850510
6.160000	-236.665016	69.197743	1273.012604
6.170000	-235.417168	68.914466	1279.964432
6.180000	-229.825310	69.796415	1291.809372
6.190000	-220.852127	68.953889	1294.803024
6.200000	-213.568840	67.465949	1294.481049
6.210000	-209.183319	66.663161	1291.475586
6.220000	-208.980850	66.859965	1286.578522
6.230000	-211.437080	67.622691	1284.842651
6.240000	-214.054268	68.389554	1281.370010
6.250000	-215.383446	69.717247	1275.051529
6.260000	-216.912552	71.080240	1273.158798
6.270000	-214.979012	71.924037	1270.313416
6.280000	-209.546242	73.130604	1262.090378
6.290000	-206.728287	73.972175	1254.184082
6.300000	-205.843178	76.382766	1245.964691
6.310000	-204.355423	79.759874	1239.480530
6.320000	-202.263130	82.649906	1230.785263
6.330000	-203.106552	85.416578	1221.933060
6.340000	-204.191399	86.615510	1212.927948
6.350000	-205.597496	86.251793	1202.815491
6.360000	-207.286377	86.490879	1191.121826
6.370000	-209.497940	86.287086	1177.691406
6.380000	-210.664803	85.080196	1164.259521
6.390000	-211.186302	83.515961	1151.932877
6.400000	-211.749489	80.628156	1136.445251
6.410000	-212.310295	77.136269	1125.222031
6.420000	-212.507500	74.321584	1118.584991
6.430000	-213.550850	72.187922	1114.636017
6.440000	-214.635193	72.102397	1112.740189
6.450000	-217.731857	72.858760	1114.167221
6.460000	-221.676193	73.819877	1118.122574
6.470000	-224.815224	74.498034	1123.184433
6.480000	-224.695770	74.418234	1124.449722
6.490000	-223.609901	72.212714	1123.027451
6.500000	-221.881889	71.213445	1123.658142
6.510000	-219.668961	70.692986	1128.079178
6.520000	-217.819130	70.293345	1129.815903
6.530000	-219.067490	71.457623	1135.031982
6.540000	-220.756874	72.661008	1143.090622
6.550000	-221.643677	74.307277	1157.633774
6.560000	-221.161308	74.345105	1166.011673
6.570000	-223.777138	74.023361	1178.184814
6.580000	-227.680634	74.224611	1192.413971
6.590000	-230.297318	73.944832	1203.640671
6.600000	-234.199623	72.817427	1210.757980
6.610000	-238.303726	73.539459	1219.456345
6.620000	-238.545670	74.181375	1227.993805
6.630000	-237.017746	74.984479	1232.417938
6.640000	-235.048134	76.150028	1234.789459
6.650000	-236.578423	76.669847	1239.846405
6.660000	-238.953491	77.588684	1249.647217
6.670000	-237.142632	78.629286	1254.544754
6.680000	-236.134521	77.825227	1254.226349
6.690000	-233.237938	77.664987	1253.750031
6.700000	-231.467232	77.945721	1260.229111
6.710000	-229.777168	78.022979	1267.972366
6.720000	-230.259872	79.021932	1274.291824
6.730000	-230.500122	80.419894	1277.295181
6.740000	-230.016571	81.456359	1279.189224
6.750000	-226.797745	81.616284	1279.186432
6.760000	-221.928833	80.528308	1271.914902
6.770000	-220.076286	79.924227	1262.270966
6.780000	-219.996986	80.971509	1260.214386
6.790000	-219.193222	81.934214	1265.901688
6.800000	-216.338326	82.781833	1275.381485
6.810000	-213.403297	83.068291	1288.178253
6.820000	-210.064178	84.392178	1303.503662
6.830000	-206.040558	85.190829	1318.038971
6.840000	-203.024033	85.870888	1332.574081
6.850000	-203.024200	85.466162	1341.104523
6.860000	-205.118187	85.100851	1349.008301
6.870000	-204.596519	86.143679	1354.697266
6.880000	-201.660301	87.024673	1359.436508
6.890000	-200.614578	87.543545	1368.443268
6.900000	-200.090698	87.776274	1381.560379
6.910000	-198.481796	87.253588	1393.728455
6.920000	-197.717491	85.968176	1401.157242
6.930000	-195.705353	84.404566	1402.580490
6.940000	-196.028450	84.972082	1404.320480
6.950000	-197.477585	84.331129	1416.487396
6.960000	-197.278343	84.819161	1428.970032
6.970000	-196.395111	85.666141	1430.233551
6.980000	-197.884399	85.263949	1432.447266
6.990000	-197.080116	85.023593	1437.504578
7.000000	-193.420090	84.705339	1437.819183
7.010000	-193.419586	83.821479	1435.923676
7.020000	-195.271965	83.657742	1435.606445
7.030000	-197.283943	84.858583	1444.455200
7.040000	-196.639603	85.621310	1448.878235
7.050000	-194.748260	85.460438	1447.456604
7.060000	-195.713158	86.266084	1445.721680
7.070000	-196.479836	88.640110	1452.995911
7.080000	-199.057205	91.332706	1460.428680
7.090000	-202.036461	93.180226	1464.067963
7.100000	-206.905029	92.856887	1471.659790
7.110000	-208.314011	91.526645	1482.881348
7.120000	-204.451683	90.638009	1491.888641
7.130000	-201.757248	90.114052	1493.309937
7.140000	-201.757759	90.993142	1491.569946
7.150000	-203.649780	91.310757	1489.990845
7.160000	-206.791016	92.316389	1492.522736
7.170000	-209.848885	91.631553	1494.107727
7.180000	-210.451378	88.093572	1494.109741
7.190000	-211.818680	84.151805	1498.061768
7.200000	-212.018936	81.501183	1500.749725
7.210000	-213.147179	81.064653	1497.749664
7.220000	-215.441086	82.352614	1494.432312
7.230000	-217.736702	83.322954	1490.326202
7.240000	-218.019989	83.890786	1482.268524
7.250000	-217.655540	84.011604	1481.001617
7.260000	-218.177040	82.122427	1479.420868
7.270000	-218.175003	81.036679	1484.162720
7.280000	-217.773125	79.915637	1488.271942
7.290000	-219.022156	80.721291	1493.017273
7.300000	-220.272217	81.651569	1493.967621
7.310000	-222.126122	81.817533	1492.868500
7.320000	-227.197166	81.539341	1486.555740
7.330000	-231.020691	80.415442	1476.604980
7.340000	-235.930939	80.135023	1466.023758
7.350000	-240.678879	80.496197	1455.442612
7.360000	-242.369789	80.091779	1441.382385
7.370000	-242.530067	79.688956	1430.004623
7.380000	-244.661827	78.401957	1427.319336
7.390000	-243.092911	77.231631	1429.687531
7.400000	-243.775375	76.706088	1427.947708
7.410000	-246.111473	78.197841	1426.050735
7.420000	-243.414665	80.291126	1418.144943
7.430000	-243.092743	80.740051	1409.137039
7.440000	-244.984428	80.868820	1402.659424
7.450000	-248.524658	80.106725	1399.660004
7.460000	-252.590309	75.974202	1397.771088
7.470000	-254.883705	72.360234	1391.135666
7.480000	-257.377884	71.353970	1383.395050
7.490000	-258.746185	70.312413	1374.389435
7.500000	-261.561440	69.064837	1366.334381
7.510000	-263.251335	68.699841	1357.327286
7.520000	-264.738251	67.895150	1347.054306
7.530000	-263.930733	66.448543	1331.723129
7.540000	-260.148888	65.330683	1312.597885
7.550000	-259.060989	65.096999	1288.571350
7.560000	-261.674942	65.902653	1266.129105
7.570000	-267.551453	66.591303	1249.375839
7.580000	-268.756607	66.875219	1238.149811
7.590000	-266.181778	66.234898	1232.138870
7.600000	-261.069565	65.511279	1226.442673
7.610000	-256.440239	64.789878	1229.123749
7.620000	-255.474480	64.870957	1231.333694
7.630000	-258.008636	63.945441	1233.706497
7.640000	-262.513947	63.662164	1233.708633
7.650000	-263.397354	63.899662	1228.652664
7.660000	-262.391281	64.021111	1223.913742
7.670000	-262.190170	65.147238	1224.545090
7.680000	-262.148315	64.906882	1224.861008
7.690000	-265.166031	62.696278	1226.759277
7.700000	-267.982468	61.325334	1226.600159
7.710000	-268.826721	60.069807	1232.131012
7.720000	-266.371857	59.546482	1238.449493
7.730000	-263.837357	59.105192	1242.397644
7.740000	-263.636246	58.706498	1244.610718
7.750000	-265.207367	59.429801	1252.197296
7.760000	-264.160461	60.031971	1259.624634
7.770000	-265.084534	59.713402	1261.208984
7.780000	-269.471420	58.793302	1261.370392
7.790000	-268.863831	58.948449	1258.687027
7.800000	-268.059555	58.192719	1254.578964
7.810000	-273.653793	59.360494	1259.799789
7.820000	-275.746063	61.206427	1267.228592
7.830000	-272.366287	61.970424	1267.383270
7.840000	-271.598938	64.494197	1265.009460
7.850000	-272.162125	66.457766	1268.327072
7.860000	-270.109985	65.570724	1274.963303
7.870000	-272.164322	65.493466	1279.071533
7.880000	-273.896240	66.177979	1278.912933
7.890000	-273.211227	66.134103	1281.757324
7.900000	-273.251892	66.897785	1285.708572
7.910000	-272.408142	66.016468	1291.397873
7.920000	-270.438354	65.695039	1294.401855
7.930000	-271.404449	66.175436	1295.826599
7.940000	-274.383530	66.170983	1297.412918
7.950000	-277.039856	66.087369	1294.097900
7.960000	-277.561020	63.717156	1283.512222
7.970000	-279.854431	62.867951	1271.820374
7.980000	-283.312317	63.066027	1262.025467
7.990000	-283.190994	61.781563	1257.758118
8.000000	-281.622925	62.349079	1250.645737
8.010000	-282.508362	63.757535	1248.909195
8.020000	-281.303391	66.532157	1253.174866
8.030000	-279.897629	68.868032	1260.443741
8.040000	-279.697372	69.997025	1268.976120
8.050000	-279.537430	69.835829	1281.301147
8.060000	-274.024170	68.228982	1289.986923
8.070000	-270.200989	66.420569	1293.143753
8.080000	-270.199982	64.688767	1292.828857
8.090000	-272.492874	62.117944	1289.988861
8.100000	-275.793716	60.833804	1283.831421
8.110000	-277.804489	59.710544	1275.460114
8.120000	-279.291748	59.349685	1267.244492
8.130000	-279.412552	59.632646	1267.406708
8.140000	-278.324799	59.268929	1269.776077
8.150000	-275.346573	59.386882	1270.247162
8.160000	-275.428070	60.712039	1275.459320
8.170000	-275.910767	63.442462	1283.043610
8.180000	-271.807007	65.691218	1288.570023
8.190000	-269.795044	65.892476	1289.514313
8.200000	-269.311813	65.890249	1288.724854
8.210000	-270.881424	64.766665	1289.991302
8.220000	-272.369003	62.195518	1286.989120
8.230000	-272.529114	58.100514	1280.352905
8.240000	-273.089584	55.366586	1275.295441
8.250000	-271.639420	53.517163	1270.238815
8.260000	-269.587128	52.514393	1262.336151
8.270000	-268.500244	53.557857	1259.805511
8.280000	-268.260834	55.646688	1257.750412
8.290000	-269.550705	57.857932	1259.172714
8.300000	-270.359055	60.835715	1260.910400
8.310000	-270.804001	63.770254	1258.380447
8.320000	-268.187317	65.416524	1253.793777
8.330000	-265.287857	64.850602	1248.732712
8.340000	-263.917664	62.836795	1242.565109
8.350000	-260.576508	60.585814	1242.240692
8.360000	-257.559135	58.900436	1238.602386
8.370000	-259.091293	58.987556	1235.440430
8.380000	-259.334091	59.275286	1235.754883
8.390000	-258.047447	59.719442	1231.487869
8.400000	-258.288879	59.760143	1223.587006
8.410000	-255.672546	59.154791	1211.890182
8.420000	-249.191338	58.669941	1195.609680
8.430000	-248.871452	56.867885	1178.066284
8.440000	-253.136848	56.706689	1165.582489
8.450000	-254.704758	57.505341	1156.253952
8.460000	-256.115768	56.743254	1153.562088
8.470000	-256.359413	54.858535	1161.138031
8.480000	-249.597969	52.766518	1172.818604
8.490000	-242.271484	50.030046	1183.081970
8.500000	-238.406616	48.779923	1190.189468
8.510000	-234.946350	50.468478	1185.445282
8.520000	-234.947365	52.722961	1170.275558
8.530000	-239.615662	56.101977	1154.478241
8.540000	-241.868744	57.270076	1134.410446
8.550000	-241.142906	55.786905	1111.496658
8.560000	-240.337944	52.817708	1091.107567
8.570000	-235.387535	49.808454	1069.606865
8.580000	-225.971977	46.803647	1049.525345
8.590000	-219.617012	45.571969	1033.075684
8.600000	-218.764420	46.888856	1021.682220
8.610000	-214.091873	46.839891	1013.765274
8.620000	-206.242516	43.426535	998.418915
8.630000	-195.738708	39.497492	977.858459
8.640000	-180.971031	37.740585	949.078239
8.650000	-160.975769	36.919045	904.491684
8.660000	-139.617630	34.997454	854.211555
8.670000	-120.148273	30.823927	798.557617
8.680000	-112.733662	29.092133	743.698029
8.690000	-116.224743	28.953826	697.375404
8.700000	-119.036762	26.250099	648.994751
8.710000	-116.538509	21.422568	597.441811
8.720000	-108.570560	18.092513	546.515450
8.730000	-93.840488	18.341458	498.427917
8.740000	-61.478849	19.228181	459.646049
8.750000	-21.517613	15.625023	407.744934
8.760000	6.850881	8.653659	353.809990
8.770000	21.941495	0.759329	314.589615
8.780000	30.147657	-3.000253	280.435207
8.790000	28.933848	-1.048759	249.609722
8.800000	24.299588	2.664413	223.374039
8.810000	22.001941	6.967033	198.559650
8.820000	21.232889	10.984783	179.119125
8.830000	18.694314	13.792788	163.629364
8.840000	20.138865	14.793964	151.139669
8.850000	24.321575	13.788335	134.695770
8.860000	28.222694	10.092654	120.619280
8.870000	29.591351	5.429813	104.494745
8.880000	33.855050	4.384441	89.948480
8.890000	40.497726	3.060241	79.196820
8.900000	39.211926	2.095943	77.618054
8.910000	39.012850	1.902640	75.562467
8.920000	41.108706	2.150313	77.931842
8.930000	40.710554	2.469838	81.411026
8.940000	37.334841	3.509485	85.205961
8.950000	34.923523	4.390802	85.996901
8.960000	33.073518	4.829870	86.787348
8.970000	33.072669	6.355642	81.254541
8.980000	38.262984	5.752200	72.872589
8.990000	40.190241	3.424913	63.386888
9.000000	39.861362	1.582797	49.157685
9.010000	38.691612	-0.827153	35.721877
9.020000	29.912929	-2.350698	20.706650
9.030000	26.174635	-0.355339	13.434992
9.040000	11.755614	-1.059243	-0.468304
9.050000	7.135275	-1.630257	-3.471152
9.060000	2.188605	-1.877613	-7.896282
9.070000	1.145941	-3.487638	-6.786640
9.080000	1.712691	-4.013823	-3.627143
9.090000	0.868763	-4.491997	0.327551
9.100000	0.948224	-4.568936	5.385498
9.110000	0.423496	-1.512622	4.436928
9.120000	1.309277	1.863216	1.273662
9.130000	0.708314	1.901050	3.804111
9.140000	-1.305024	0.096767	4.909821
9.150000	-1.022753	0.338398	2.065257
9.160000	1.231514	1.580253	3.327943
9.170000	3.403434	2.345206	4.749896
9.180000	0.986850	3.955550	-0.148291
9.190000	2.313993	5.042572	-4.260453
9.200000	-0.422130	4.596189	-5.365834
9.210000	-2.230789	2.705745	-5.679458
9.220000	-1.304854	0.939932	-3.467384
9.230000	-1.386182	1.421286	-1.570244
9.240000	0.826741	2.386856	-0.306576
9.250000	4.045060	3.110159	0.166315
9.260000	1.469216	1.784687	2.222234
9.270000	-2.795502	0.056707	5.228031
9.280000	-3.881038	-1.233157	4.437255
9.290000	-0.339443	-1.717374	2.854395
9.300000	0.424515	-2.480100	0.958566
9.310000	0.544809	-2.680081	-2.203224
9.320000	0.744394	-1.877295	-2.045102
9.330000	1.871782	-2.040396	-0.938737
9.340000	-0.541745	-3.528016	-1.254654
9.350000	-2.312288	-4.009688	-2.359544
9.360000	-1.346028	-3.807481	0.643141
9.370000	-4.287169	1.128782	2.544539
9.380000	-5.053843	2.055565	7.284602
9.390000	6.178354	0.774922	1.270225
9.400000	0.304390	-0.753394	-4.096104
9.410000	-0.536821	-2.517934	2.694800
9.420000	-3.276679	-0.952739	-5.205909
9.430000	-12.576528	2.699066	1.595642
9.440000	-5.410991	4.109429	15.813870
9.450000	2.029345	2.341390	-3.146060
9.460000	16.035104	2.586519	-4.896872
9.470000	9.232828	3.381037	-1.417199
9.480000	-5.255976	2.732766	-11.998451
9.490000	-5.652599	0.972677	-6.948202
9.500000	-12.377112	0.447765	-5.988821
9.510000	1.707088	1.851131	-5.205745
9.520000	13.900621	2.621173	-3.792146
9.530000	7.621037	1.131645	-2.043136
9.540000	4.244306	-1.316775	-0.308213
9.550000	-6.659183	-2.042305	2.226166
9.560000	-10.402231	-1.201048	3.809026
9.570000	-6.860126	-1.722462	5.543456
9.580000	2.313654	-1.236656	1.274156
9.590000	9.152858	-1.112978	0.798150
9.600000	5.854909	-1.920217	1.906809
9.610000	-0.180522	-3.249188	-0.462568
9.620000	-4.847807	-3.449169	-1.570244
9.630000	-6.295074	-3.406247	0.645271
9.640000	-2.514250	-1.960277	-2.517667
9.650000	4.848494	0.011559	0.797987
9.660000	7.262701	0.615001	-0.940703
9.670000	3.199604	-1.312641	0.167791
9.680000	-1.869397	-1.034448	-1.570571
9.690000	-4.404747	-0.230390	0.327715
9.700000	-1.789937	0.334900	0.484200
9.710000	-1.308080	2.425326	-0.622002
9.720000	0.864349	3.189961	1.432114
9.730000	4.486253	3.230339	0.482396
9.740000	3.399699	2.462841	0.483216
9.750000	0.302862	1.860990	1.432933
9.760000	-3.640279	1.176157	-1.411958
9.770000	-4.525890	2.020275	-1.567622
9.780000	1.548167	2.706381	-1.888290
9.790000	3.196888	3.146403	-1.256292
9.800000	2.514427	2.060017	-0.147634
9.810000	1.992586	-0.551504	-1.887143
9.820000	-1.064775	-1.557134	-0.304774
9.830000	-1.668114	-1.758070	-0.781106
9.840000	-1.870586	-0.833513	0.010324
9.850000	-1.549518	-0.309237	1.750160
9.860000	0.904504	-0.107348	0.641666
9.870000	1.469386	-1.356835	2.698240
9.880000	2.315861	-3.447579	1.274156
9.890000	-1.184730	-3.207538	2.064767
9.900000	-1.990371	-2.684534	-0.462732
9.910000	-2.313816	-1.356517	-1.253180
9.920000	-0.342839	-0.069832	-2.361019
9.930000	1.870254	0.092315	-1.729348
9.940000	1.750469	-0.832877	0.009013
9.950000	1.872122	-1.275443	1.433097
9.960000	0.464330	-1.474789	1.274647
9.970000	-1.749782	0.294204	0.802082
9.980000	-1.107307	1.621903	-0.622002
9.990000	0.944149	2.909542	0.957909
10.000000	1.951073	2.506400	1.116852
10.010000	1.348073	1.461346	0.799951
10.020000	1.307579	1.499497	-0.621674
10.030000	-0.623243	1.096355	-0.621838
10.040000	-0.462454	2.382404	-0.622165
10.050000	-2.637261	1.943336	-1.728366
10.060000	-1.227941	2.583339	-1.253343
10.070000	2.674876	2.138547	-1.254654
10.080000	3.400208	0.169891	-1.887143
10.090000	0.744904	-1.315503	-1.571554
10.100000	-2.876321	-2.158668	0.643797
10.110000	-2.393955	-0.594744	0.327551
10.120000	0.099712	-0.192874	1.432934
10.130000	0.985322	-0.631306	2.856033
10.140000	1.388058	-1.195324	2.381831
10.150000	1.590020	-2.120834	1.274320
10.160000	1.067839	-3.167796	-0.779959
10.170000	-0.824016	-2.846681	0.484528
10.180000	-2.394295	-2.201590	0.168610
10.190000	-1.187446	-0.953375	-0.780779
10.200000	0.985322	-0.189376	0.167792
10.210000	2.152356	-0.108620	-0.305920
10.220000	1.388398	-0.552140	-0.306248
10.230000	-0.301496	-1.113932	1.117344
10.240000	-0.864171	-0.108620	-0.937591
10.250000	-0.583767	1.178065	-0.779960
10.260000	-0.464322	2.264450	-1.728366
10.270000	0.501259	2.586201	-2.045102
10.280000	1.065802	2.263814	-2.044611
10.290000	1.388398	1.257866	-0.305757
10.300000	0.624439	0.816890	0.800771
10.310000	-0.221186	1.097309	-0.937099
10.320000	-0.664926	1.740810	0.326896
10.330000	-0.022111	2.223118	0.011143
10.340000	0.742527	2.223118	-0.465026
10.350000	0.904673	0.573033	-0.938573
10.360000	0.341998	-0.754348	-1.096204
10.370000	0.302523	-1.358107	-1.094893
10.380000	-0.261681	-1.156536	-1.886323
10.390000	-0.584277	-0.593154	0.168775
10.400000	-0.665096	0.009333	-0.779468
10.410000	0.260670	-0.432279	-0.306576
10.420000	0.422477	-1.799401	0.168119
10.430000	0.061425	-2.564672	1.750653
10.440000	0.061085	-2.805667	-0.305920
10.450000	0.342677	-1.880793	1.117180
10.460000	0.099542	-0.794408	1.117016
10.470000	-0.584616	-0.029773	-0.304773
10.480000	0.019232	-0.349615	-0.464207
10.490000	0.462972	-0.994071	0.010815
10.500000	0.825383	-0.833513	-0.464042
10.510000	0.583945	-0.512080	-0.306413
10.520000	-0.302175	0.896056	0.958731
10.530000	0.099032	1.822202	-0.939557
10.540000	0.380964	2.505445	-0.779960
10.550000	0.743206	1.620313	-1.254982
10.560000	0.462802	0.816572	-1.886161
10.570000	0.261519	0.533609	1.117344
10.580000	0.060066	0.896056	0.326733
10.590000	0.421798	1.417788	-0.779468
10.600000	0.461444	2.143317	-0.622165
10.610000	0.541753	1.578981	-1.412449
10.620000	0.140715	0.371780	-1.571554
10.630000	-0.381466	-0.795362	0.168774
10.640000	-0.421790	-1.036039	-0.621509
10.650000	0.181040	-0.954647	0.011308
10.660000	-0.141217	-0.311145	0.168938
10.670000	0.060236	-0.070786	0.959058
10.680000	-0.141556	-0.714288	0.959223
10.690000	-0.382145	-1.679222	0.484363
10.700000	-0.421451	-2.242286	0.168610
10.710000	-0.461945	-1.599738	-0.463223
10.720000	-0.060398	-1.156854	-0.305920
10.730000	-0.181711	-0.632578	-0.147961
10.740000	-0.141386	-0.109574	0.643141
10.750000	0.583266	-0.271086	-0.148289
10.760000	0.180870	-0.712380	0.010980
10.770000	-0.100553	-0.590610	0.642649
10.780000	0.180530	-0.229436	-0.621346
10.790000	-0.221526	0.614683	-1.094074
10.800000	1.306900	1.259774	-0.780615
10.810000	0.783021	1.339258	-0.780616
10.820000	0.220685	1.219715	-0.148127
10.830000	0.703900	0.816254	-0.621673
10.840000	0.463142	0.655379	-1.096532
10.850000	0.140715	0.897646	-1.570899
10.860000	0.461783	1.299198	-0.780779
10.870000	0.461783	1.379000	0.011143
10.880000	0.542772	1.096991	0.168283
10.890000	-0.181541	0.172435	-0.307231
10.900000	-0.583088	-0.030727	-1.251868
10.910000	-0.501420	-0.514625	0.800937
10.920000	1.226930	-0.912679	0.484363
10.930000	-0.302005	0.050665	-0.146324
10.940000	-0.624431	-0.031363	0.168118
10.950000	-0.382824	-0.631624	0.484201
10.960000	-0.783862	-1.275443	0.959058
10.970000	-0.542933	-1.477015	0.485511
10.980000	1.106466	-1.717692	1.432770
10.990000	0.180870	-0.793135	0.959385
11.000000	-0.100722	-0.592518	0.958730
11.010000	0.502787	-0.390629	-0.147634
11.020000	-0.100892	-0.029454	0.642486
11.030000	-0.341651	-0.672320	0.009996
11.040000	0.342677	-0.832559	0.009997
11.050000	0.463481	0.173071	-0.463223
11.060000	0.261689	0.614683	0.011308
11.070000	0.099712	0.977766	0.959222
11.080000	0.180530	1.219079	-0.463715
11.090000	-0.221526	1.260410	0.643632
11.100000	0.020761	0.696075	1.275302
11.110000	0.343187	0.254781	0.010324
11.120000	0.181210	0.656333	0.011798
11.130000	0.502617	1.018143	0.800936
11.140000	0.462123	1.299198	-1.412285
11.150000	0.099881	0.977130	0.010652
11.160000	0.261689	0.333628	-0.622328
11.170000	0.302353	-0.431325	1.275794
11.180000	0.020421	-0.189058	-0.621837
11.190000	-0.099873	-0.150906	-0.463387
11.200000	0.261179	-0.350251	0.010488
11.210000	0.220855	-0.270131	0.010816
11.220000	-0.100383	-0.472021	0.485675
11.230000	-0.060228	-0.913951	0.800281
11.240000	-0.180522	-1.515802	-0.937590
11.250000	0.100900	-1.396577	0.327061
11.260000	0.141225	-0.793453	-1.097351
11.270000	0.140885	-0.591882	-0.306084
11.280000	-0.100553	-0.309873	0.484363
11.290000	-0.100383	-0.470749	0.327224
11.300000	-0.019224	-0.792499	-0.305265
11.310000	-0.059888	-0.350251	0.326569
11.320000	0.301844	-0.108938	-1.095221
11.330000	0.462632	0.496094	0.485019
11.340000	0.100730	0.857586	0.958730
11.350000	0.221195	1.098263	-0.465190
11.360000	0.261349	0.736453	-0.464370
11.370000	0.060236	0.455716	-0.622329
11.380000	0.100900	0.695439	-2.043791
11.390000	0.181889	0.776512	-0.464206
11.400000	0.100391	1.139595	-0.779796
11.410000	0.140376	1.138323	-0.462568
11.420000	0.422138	0.574623	0.642486
11.430000	-0.060058	0.333946	0.485019
11.440000	-0.060568	-0.310191	-1.570899
11.450000	0.060576	-0.109256	-0.779795
11.460000	0.261179	-0.109256	-0.147306
11.470000	0.140715	-0.068242	0.958240
11.480000	0.382323	-0.270450	-0.147961
11.490000	-0.020752	-0.711426	0.484527
11.500000	0.141225	-0.754348	-0.621345
11.510000	-0.261511	-1.114886	-0.462568
11.520000	-0.262020	-0.912997	0.011308
11.530000	0.342847	-0.753394	-0.464206
11.540000	0.019912	-0.429735	-0.146651
11.550000	0.100730	-0.311145	0.169266
11.560000	0.221364	-0.350887	-0.147798
11.570000	-0.261002	-0.389993	0.485510
11.580000	0.261689	-0.349933	0.485347
11.590000	-0.100553	0.172753	0.326733
11.600000	0.180870	0.213449	0.326732
11.610000	0.422477	0.253191	-1.095385
11.620000	0.663745	0.695439	-1.254162
11.630000	0.382153	0.655697	-1.411793
11.640000	-0.301326	0.734862	-0.463223
11.650000	0.180700	0.295476	-0.938737
11.660000	0.140376	0.613729	-0.463224
11.670000	0.221364	0.574305	0.642650
11.680000	0.744224	0.573669	0.012126
11.690000	0.864858	0.575577	-0.779959
11.700000	-0.141556	0.413430	0.642977
11.710000	-0.704062	0.210586	0.327716
11.720000	0.020421	-0.150906	-0.148453
11.730000	0.020251	-0.028818	0.010652
11.740000	0.181210	-0.432279	0.800936
11.750000	-0.060058	-0.190330	0.010488
11.760000	0.140546	-0.190648	-0.463388
11.770000	0.180361	-0.632260	0.800773
11.780000	0.020251	-1.075144	0.326570
11.790000	0.020081	-0.553094	-0.147962
11.800000	0.341659	-0.472021	0.168938
11.810000	0.019572	-0.672956	-0.621673
11.820000	0.019912	-0.350887	-0.780615
11.830000	0.421968	-0.230390	-0.304773
11.840000	0.341489	-0.231026	1.117345
11.850000	0.542942	-0.591882	1.117344
11.860000	0.542772	0.173071	0.011963
11.870000	-0.060737	0.211223	0.327060
11.880000	0.100391	-0.029454	0.168283
11.890000	0.260840	0.654425	-0.936607
11.900000	0.502787	0.333946	-1.095713
11.910000	0.301674	0.413748	1.433097
11.920000	0.422308	0.494185	-0.148453
11.930000	0.140546	0.374006	0.169429
11.940000	-0.101062	0.294204	-0.147634
11.950000	-0.020073	0.373688	0.010815
11.960000	0.140546	0.291660	0.642977
11.970000	0.341149	0.011559	-0.621673
11.980000	0.221025	0.010605	1.117673
11.990000	0.059897	-0.069832	0.959386
12.000000	0.140546	-0.311463	0.643469
12.010000	0.140376	-0.029773	0.170578
12.020000	0.140376	-0.109574	-0.464043
12.030000	0.059897	-0.432279	0.010980
12.040000	0.422477	-0.431643	-0.147306
12.050000	0.462462	-0.311463	-0.621345
12.060000	0.180700	-0.432597	0.960042
12.070000	-0.182050	-0.351841	-0.305756
12.080000	0.019742	-0.109256	-0.463551
12.090000	0.180530	-0.230708	-0.146651
12.100000	0.422138	-0.030727	1.117672
12.110000	0.341828	-0.311463	-0.463551
12.120000	0.220515	-0.190966	0.643469
12.130000	0.220685	-0.028818	-0.937099
12.140000	0.140206	0.211859	-0.146815
12.150000	0.100561	0.132057	-1.253671
12.160000	0.180361	0.251600	-0.622328
12.170000	0.461783	0.091361	-0.464207
12.180000	0.381983	0.373052	0.009997
12.190000	0.422138	0.332356	0.168611
12.200000	-0.060737	0.170845	-0.147798
12.210000	0.180700	0.171481	0.168611
12.220000	0.180700	0.171481	0.168611
12.230000	0.341659	0.090725	-0.936935
12.240000	-0.020413	0.131103	-0.306084
12.250000	-0.020922	-0.069514	-0.779304
12.260000	0.261349	-0.191602	-0.779140
12.270000	-0.020243	-0.150270	0.801264
12.280000	0.301334	-0.271086	0.643142
12.290000	0.462462	-0.151224	0.170086
12.300000	0.341659	-0.190648	-0.938409
12.310000	0.260500	-0.111482	-0.463715
12.320000	0.140376	-0.190966	-1.094565
12.330000	0.019232	-0.431007	0.010652
12.340000	0.381813	0.010287	-0.463715
12.350000	0.422138	-0.190012	0.642977
12.360000	0.220515	-0.069196	-0.146651
12.370000	0.180191	0.131421	-0.305265
12.380000	0.019232	-0.431007	0.011308
12.390000	0.261179	0.171163	-0.146159
12.400000	0.422138	0.051301	1.117672
12.410000	0.140546	-0.230708	0.484527
12.420000	0.180191	0.050029	0.960369
12.430000	0.542093	0.170209	0.643142
12.440000	0.260670	0.332038	-0.779796
12.450000	0.139697	-0.190966	-0.463878
12.460000	-0.020752	0.009651	0.010816
12.470000	0.019912	-0.029773	-0.146651
12.480000	0.381474	-0.030091	0.326733
12.490000	0.340810	0.090089	0.326897
12.500000	0.180361	0.049711	-0.621345
12.510000	0.381304	0.170527	0.010652
12.520000	0.139866	-0.151224	-0.305592
12.530000	0.261010	-0.191284	0.642486
12.540000	0.180361	-0.110528	-1.095549
12.550000	0.340979	-0.030091	-0.462896
12.560000	0.139697	-0.111482	-0.779631
12.570000	0.220515	-0.310509	1.432770
12.580000	-0.060907	-0.071740	-0.621345
12.590000	0.100391	-0.312417	0.011307
12.600000	0.703221	-0.270131	0.010489
12.610000	0.139866	0.087863	0.327552
12.620000	0.300995	-0.231344	-0.306248
12.630000	0.542093	0.331720	-0.463551
12.640000	0.220006	-0.031045	0.011635
12.650000	0.180700	-0.271404	-0.778813
12.660000	0.824194	0.089453	1.749998
12.670000	0.220515	-0.030091	0.485510
12.680000	0.220176	-0.352795	0.801919
12.690000	0.380625	0.331084	-1.570571
12.700000	0.260500	0.250328	-0.779468
12.710000	0.220346	0.170209	1.908447
12.720000	0.702881	-0.029773	1.434408
12.730000	0.140036	0.210904	-0.463387
12.740000	0.099542	-0.150906	0.959386
12.750000	0.381304	-0.191602	-0.622165
12.760000	0.179851	0.050347	-0.146651
12.770000	0.220515	-0.270768	0.169429
12.780000	0.662726	-0.231662	-0.305101
12.790000	0.059217	0.009969	-0.303954
12.800000	0.099542	-0.473293	0.168939
12.810000	0.381474	-0.352795	-0.779959
12.820000	0.220006	-0.150588	-1.885832
12.830000	0.461613	0.009333	-0.147633
12.840000	0.259991	-0.110846	-0.463715
12.850000	0.421628	-0.392855	-0.305920
12.860000	0.220685	-0.233252	0.012619
12.870000	0.099542	-0.150906	0.484528
12.880000	0.421289	-0.110846	0.169266
12.890000	0.300995	0.049711	1.118164
12.900000	0.501598	-0.030409	1.435064
12.910000	0.098863	-0.392855	-0.463715
12.920000	0.260330	-0.232298	-0.937262
12.930000	0.018893	-0.151224	0.485019
12.940000	0.421798	-0.110528	0.642814
12.950000	0.461613	0.050665	0.009833
12.960000	0.180191	-0.231662	0.643468
12.970000	0.541583	0.009333	-0.620362
12.980000	0.340810	0.049711	-0.463387
12.990000	-0.061417	0.050665	-0.936607
13.000000	0.380795	-0.111800	-0.777829
13.010000	0.179851	-0.112118	0.643633
13.020000	0.380625	-0.111482	-0.462896
13.030000	0.220006	-0.152496	-0.621017
13.040000	-0.020922	-0.270768	-0.305592
13.050000	0.059557	-0.112118	-0.780123
13.060000	0.099202	-0.070150	0.642977
13.070000	0.340979	-0.191920	-0.620526
13.080000	0.260500	-0.152178	1.117508
13.090000	0.542262	-0.110528	1.274648
13.100000	0.381134	-0.191284	0.170741
13.110000	-0.020752	-0.231662	-0.304773
13.120000	0.381644	-0.031681	0.169758
13.130000	-0.101232	-0.070786	-1.253343
13.140000	0.341828	-0.271722	-0.463223
13.150000	0.381813	0.210586	0.010652
13.160000	0.220515	-0.190330	0.327879
13.170000	0.421628	-0.391901	0.959386
13.180000	0.221195	0.211859	0.327389
13.190000	0.099881	0.132057	-0.146978
13.200000	0.140206	0.172117	-1.096204
13.210000	0.301504	0.172117	0.327224
13.220000	0.462123	0.291660	0.801591
13.230000	0.100051	0.090407	0.328863
13.240000	0.100051	0.010605	0.326897
13.250000	0.300995	0.171163	-0.463387
13.260000	0.060066	-0.150906	0.643306
13.270000	0.341489	0.090407	0.485183
13.280000	0.462123	0.010287	-0.621509
13.290000	-0.261851	-0.191284	-0.779468
13.300000	-0.100892	0.049393	0.328535
13.310000	0.140546	-0.108938	0.326733
13.320000	0.140715	-0.270768	0.327717
13.330000	0.301674	-0.310509	0.010816
13.340000	0.261349	-0.390311	-2.043955
13.350000	-0.019904	0.332674	-0.146978
13.360000	-0.101062	-0.270131	0.485674
13.370000	0.181379	0.171481	0.327061
13.380000	-0.301326	0.009333	0.327389
13.390000	0.019912	-0.269495	-0.937754
13.400000	0.020591	0.172117	-0.147142
13.410000	-0.180862	0.130785	0.959222
13.420000	0.140885	0.532973	-0.305265
13.430000	0.140885	0.494821	0.959222
13.440000	0.100730	0.293886	0.644616
13.450000	-0.140537	0.491959	0.959386
13.460000	0.503296	-0.028818	-0.147961
13.470000	0.220855	0.495139	-1.095876
13.480000	-0.462284	0.292296	0.802083
13.490000	-0.422469	0.290706	0.961352
13.500000	0.301164	0.333310	0.011964
13.510000	0.301164	0.373370	0.326568
13.520000	0.180530	-0.070150	-0.146487
13.530000	0.301674	0.130467	0.169102
13.540000	-0.020243	0.371780	-0.305920
13.550000	-0.462794	-0.229436	0.801264
13.560000	0.060066	0.131103	0.643797
13.570000	0.100730	0.251918	-0.463551
13.580000	0.100391	-0.512080	1.118492
13.590000	0.020081	-0.712380	-0.462404
13.600000	-0.261681	-0.230072	0.327880
13.610000	0.141055	-0.271722	0.484528
13.620000	0.060236	-0.511763	1.276778
13.630000	0.382492	-0.270131	-0.304117
13.640000	0.020251	-0.150588	0.485183
13.650000	0.100561	-0.070150	-0.463059
13.660000	0.502617	-0.108620	0.485511
13.670000	-0.141217	0.091043	-0.303463
13.680000	0.181040	-0.109574	0.012127
13.690000	0.422138	0.092951	0.327061
13.700000	0.341489	0.494185	0.485019
13.710000	-0.020073	0.132375	-0.620690
13.720000	0.260840	0.453808	0.485183
13.730000	0.020591	0.492595	0.011144
13.740000	-0.020752	0.132057	0.643469
13.750000	0.583436	0.292932	-1.412284
13.760000	0.221534	0.573987	-0.147143
13.770000	-0.181032	-0.109574	0.169266
13.780000	0.502617	0.493549	0.800445
13.790000	-0.060737	0.332356	-0.147142
13.800000	-0.382654	0.250964	-0.146159
13.810000	0.301844	0.010923	-0.303954
13.820000	-0.101062	-0.189694	1.117344
13.830000	-0.341820	-0.110210	-0.146486
13.840000	0.341828	-0.392855	0.169922
13.850000	0.261010	-0.029773	-1.095221
13.860000	-0.100553	-0.591246	0.169430
13.870000	-0.100892	-0.471703	1.275795
13.880000	-0.221356	-0.030727	0.326569
13.890000	0.140715	-0.270450	0.485347
13.900000	0.140546	-0.512399	-0.779468
13.910000	-0.060228	-0.311145	0.801100
13.920000	-0.181371	-0.150270	0.010652
13.930000	0.301844	-0.109892	-0.305428
13.940000	-0.019904	0.092315	-0.147306
13.950000	-0.140707	-0.149952	0.484855
13.960000	0.462462	0.091361	0.011308
13.970000	0.140546	-0.109892	0.011964
13.980000	0.059897	0.211541	-0.147634
13.990000	0.100221	0.372734	1.908939
14.000000	0.382153	0.492913	0.170577
14.010000	0.140206	0.252236	-0.621181
14.020000	0.180530	0.252554	-0.305428
14.030000	0.261349	0.050347	-0.146815
14.040000	0.342168	0.212177	0.169430
14.050000	0.261010	0.332038	-0.779468
14.060000	0.261349	0.131103	1.116854
14.070000	-0.100892	-0.029773	1.118000
14.080000	0.300995	0.090089	0.485674
14.090000	0.141055	-0.351841	0.169266
14.100000	-0.221696	-0.350887	0.170577
14.110000	0.140206	-0.110210	-1.095385
14.120000	-0.060228	-0.552458	0.011472
14.130000	-0.100892	-0.311145	-0.936607
14.140000	0.221364	-0.391583	1.275795
14.150000	0.020081	-0.432597	-0.936934
14.160000	-0.061077	-0.351523	-0.305100
14.170000	0.301674	-0.029773	0.168610
14.180000	-0.020413	-0.190012	-0.621182
14.190000	0.059727	0.051301	-0.146651
14.200000	0.140885	0.131739	0.959549
14.210000	0.141225	0.010287	1.118655
14.220000	-0.020243	0.212813	-0.778485
14.230000	0.301844	0.173071	-1.095385
14.240000	0.060236	0.292614	0.327224
14.250000	0.181210	0.171799	0.011471
14.260000	0.382323	0.453808	-0.938573
14.270000	0.220855	0.292614	-0.622001
14.280000	-0.060907	0.171481	0.170577
14.290000	0.100730	0.331720	-0.304937
14.300000	0.060236	0.292614	0.010324
14.310000	0.060406	-0.068560	0.169102
14.320000	-0.060398	-0.189694	-0.146815
14.330000	-0.060568	0.171481	0.328536
14.340000	0.140715	-0.110528	-0.462895
14.350000	0.221195	0.050983	0.167955
14.360000	0.140546	0.050983	-0.304117
14.370000	-0.140537	-0.109892	0.642978
14.380000	0.059727	-0.190966	0.169266
14.390000	0.060406	-0.108938	0.328044
14.400000	-0.100553	0.011877	0.169593
14.410000	-0.060398	-0.110210	0.643633
14.420000	0.503126	-0.149316	-0.620690
14.430000	0.181210	-0.067924	1.117344
14.440000	0.100561	-0.109256	-0.146815
14.450000	0.220855	0.091043	0.011308
14.460000	0.221195	0.453172	0.169102
14.470000	-0.100722	0.172117	0.168775
14.480000	0.020081	0.292296	0.960697
14.490000	0.181040	0.211859	0.169102
14.500000	-0.020073	0.212177	-0.147306
14.510000	0.261179	-0.029136	0.644125
14.520000	0.301674	0.170845	1.275303
14.530000	-0.020583	0.131421	-0.461747
14.540000	0.180870	0.171163	1.275959
14.550000	0.341319	0.251918	0.803066
14.560000	0.140715	0.211223	-0.779304
14.570000	0.140715	-0.029454	-0.305920
14.580000	0.180530	-0.150270	-0.146487
14.590000	-0.060737	-0.150906	0.169430
14.600000	0.180700	-0.070150	1.119147
14.610000	0.059387	-0.070150	-0.620362
14.620000	0.099881	-0.191284	1.593351
14.630000	0.381644	-0.190330	-0.306248
14.640000	0.019742	-0.392855	0.328208
14.650000	0.180870	-0.230390	0.644288
14.660000	-0.061077	-0.190330	-0.146324
14.670000	0.220685	0.049393	0.168610
14.680000	0.060066	-0.110846	1.276450
14.690000	0.220855	-0.150270	0.643633
14.700000	0.301844	-0.350887	-0.147961
14.710000	-0.140707	-0.189694	0.960534
14.720000	-0.181371	-0.069514	-0.463059
14.730000	0.060406	-0.029136	-0.146978
14.740000	0.221704	0.212495	-0.778976
14.750000	-0.060228	0.010605	0.010652
14.760000	0.180870	0.373370	0.486003
14.770000	0.060576	0.171799	1.590892
14.780000	-0.060737	0.172117	-0.147634
14.790000	-0.060568	0.373370	-0.304609
14.800000	0.180530	0.252872	0.012127
14.810000	0.059557	-0.069514	0.011636
14.820000	0.180870	0.332038	0.168447
14.830000	0.060066	0.210904	0.327388
14.840000	0.100221	0.051301	-0.462895
14.850000	0.099542	-0.029136	0.644125
14.860000	0.261179	-0.391901	0.170577
14.870000	0.059897	-0.110846	-0.304937
14.880000	0.421968	-0.110528	0.328372
14.890000	0.019572	-0.271086	-0.621017
14.900000	-0.020413	-0.392219	0.327224
14.910000	0.100221	-0.190330	-1.411302
14.920000	-0.020243	-0.069832	0.801919
14.930000	-0.140707	-0.231026	-0.937426
14.940000	0.019572	-0.108938	0.485675
14.950000	-0.020752	0.090725	-0.305920
14.960000	0.221195	-0.309873	0.327717
14.970000	-0.140877	-0.311145	0.168775
14.980000	-0.100722	0.050347	-0.305100
14.990000	-0.221696	-0.109256	0.484528
